Direito Multi 

[ 100.           73.74893735    2.6041901    11.46983539   12.95282486
    3.27975628]
73.3022865714 50.3647246248 1.73649248986 8.29743770166 5.49814858637 2.78607411096
15.7857095354 16.1763871741 0.154733446344 1.92944408301 2.5428372161 0.178065770277

Esquerdo Multi

[ 100.           62.82357403    2.38577444   13.03020246   14.84782973
    3.92579745]
71.3693046675 43.618635939 2.20604424793 7.58751599509 6.51566553407 2.5312259733
15.8756203832 11.4604782122 0.0573027236964 1.8630810824 3.95388168088 0.294740439587


Direito ES

[ 100.           88.70703264    4.92351573   22.93029983   23.92109685
    5.94606328]
74.3707705205 53.8843920772 4.28269203175 14.3300085984 10.4269439952 5.14371205517
14.8141195432 20.6924454795 0.210402766247 3.74678671903 5.73823837043 0.280739287905

Esquerdo Es

[ 100.           65.5000701     4.86254615   22.4177604    18.82765919
    5.33233868]
70.1894313522 49.3117953716 4.47612304875 12.9892342615 8.58975184762 4.76551221002
14.5696661059 13.6555186685 0.129283119723 3.42228342544 4.27665381659 0.191669186957


